142 74
120 95
130 188
199 269
222 267
127 263
136 234
142 73
120 94
130 188
198 269
222 267
126 262
135 234
142 74
120 95
130 188
199 269
222 267
127 262
136 234
143 74
121 94
130 187
199 269
222 267
127 262
136 234
143 74
122 94
130 188
199 269
222 267
127 262
136 233
143 74
122 93
130 188
199 269
222 267
127 263
136 233
144 74
122 93
131 188
199 269
222 267
127 263
136 234
145 74
123 93
131 188
199 269
222 267
127 263
136 233
145 74
123 93
131 188
199 269
222 267
127 263
136 234
145 74
124 93
131 188
199 269
222 267
127 263
136 234
145 74
124 93
131 188
199 269
222 267
127 263
136 234
145 73
124 93
131 188
199 269
222 267
127 263
136 234
145 73
125 93
131 188
199 269
222 267
127 263
136 234
145 74
125 93
131 188
199 269
222 267
127 263
136 234
146 74
125 93
131 188
199 269
222 267
126 263
136 234
145 74
125 93
132 188
199 269
222 267
126 263
136 234
146 74
126 93
132 189
199 269
222 267
126 263
136 234
146 74
126 93
132 188
199 269
222 267
127 263
136 234
146 74
126 93
132 189
199 270
222 267
127 263
136 234
146 74
126 93
132 188
199 270
222 267
127 263
136 234
146 74
127 93
133 189
199 270
222 267
127 263
136 234
147 74
127 93
133 189
199 270
222 267
126 263
136 234
147 75
128 93
133 189
199 270
222 267
126 263
136 234
147 75
128 93
133 189
199 270
222 267
126 263
136 234
147 75
128 93
133 189
199 270
222 267
126 263
136 234
147 75
128 94
133 189
199 269
222 267
126 263
136 234
147 75
129 93
133 189
199 269
222 267
126 263
136 234
147 75
129 93
134 189
199 269
222 267
126 263
136 234
147 75
129 94
134 189
199 269
222 267
126 263
136 234
147 76
129 94
134 190
199 269
222 267
126 263
136 234
147 76
129 94
134 190
199 269
222 267
126 263
136 234
147 76
129 94
134 190
199 269
222 267
126 263
136 234
147 76
129 95
134 190
199 270
222 267
126 263
136 234
147 76
130 95
134 190
199 270
222 267
126 263
136 234
148 76
130 94
134 190
199 270
222 267
126 263
136 234
148 76
131 94
134 190
199 270
222 267
126 263
136 235
148 76
131 94
135 190
199 270
222 267
126 263
136 235
148 76
131 94
135 190
199 270
222 267
126 263
136 235
148 77
131 94
135 190
199 270
222 267
126 263
136 235
148 77
132 94
135 190
199 270
222 267
126 263
136 235
148 77
132 94
135 190
199 270
222 267
126 263
137 235
149 77
133 94
135 190
199 270
222 267
126 263
137 235
149 77
133 94
135 190
199 270
222 267
126 263
137 235
149 76
133 95
135 191
199 270
222 267
126 263
137 235
149 76
134 94
136 190
199 270
222 267
126 263
137 235
149 77
134 95
136 190
199 270
222 267
126 263
137 235
150 77
135 95
136 190
199 270
222 267
126 263
137 235
149 77
135 95
136 191
199 270
222 267
126 263
137 235
150 77
135 95
137 191
199 270
222 267
126 263
137 235
150 77
136 95
137 191
199 269
222 267
126 263
136 235
150 77
136 95
137 191
199 269
222 267
126 263
136 235
151 77
137 95
138 191
199 269
222 267
127 263
137 235
151 77
137 95
138 190
199 269
222 267
126 263
137 235
151 77
137 95
138 190
199 269
222 267
126 263
137 235
151 77
138 95
138 191
199 269
222 267
126 263
137 235
151 78
138 95
138 191
199 269
222 267
126 263
137 235
152 78
138 95
138 191
199 269
222 267
126 263
137 235
152 78
139 95
139 191
199 269
222 267
126 263
137 235
153 78
139 95
139 191
199 269
222 267
126 263
137 235
153 78
139 95
139 191
199 269
222 267
126 263
137 235
153 78
140 96
139 191
199 269
222 267
126 263
137 235
153 78
140 96
139 191
199 269
222 267
126 263
137 235
153 78
140 95
139 191
199 269
222 267
126 263
137 235
153 78
140 96
139 191
199 269
222 267
126 263
137 235
154 78
141 95
140 191
199 269
222 267
126 263
137 235
155 78
141 96
140 191
199 269
222 267
126 263
137 235
155 79
142 96
140 191
199 269
222 267
126 263
137 234
155 79
142 96
140 191
199 269
222 267
126 263
137 235
155 79
142 96
140 191
199 269
222 267
126 263
137 235
156 79
143 96
141 191
199 269
222 267
126 263
137 235
156 79
143 96
141 191
199 269
222 267
126 263
137 235
157 79
143 96
141 191
199 269
222 267
126 263
137 235
157 79
143 96
141 191
199 269
222 267
126 263
137 235
157 79
144 96
141 191
199 269
222 267
126 263
137 234
157 79
144 96
141 191
199 269
222 267
126 263
137 234
158 79
145 96
141 191
199 269
222 267
126 263
137 235
158 79
145 96
142 191
199 269
222 267
126 263
137 235
158 79
145 96
143 191
199 269
222 267
126 263
137 235
159 79
146 96
143 191
199 269
222 267
126 263
137 235
159 79
146 96
142 191
199 269
222 267
126 263
137 235
159 79
146 96
143 191
199 269
222 267
126 263
137 235
160 80
147 96
143 192
199 269
222 267
126 263
137 235
160 80
147 96
143 192
199 269
222 267
126 263
137 235
160 79
147 97
143 192
199 269
222 267
126 263
137 235
161 80
148 97
144 192
199 269
222 267
126 263
137 235
161 80
148 97
144 192
199 269
222 267
126 263
137 235
161 80
148 97
144 192
199 269
222 267
126 263
137 235
161 80
148 97
144 191
199 269
222 267
126 263
137 235
162 80
149 97
144 192
199 269
222 267
126 263
137 235
162 80
149 97
144 192
199 269
222 267
126 263
137 235
162 80
149 97
144 192
199 269
222 267
126 263
137 235
162 80
150 97
144 192
199 269
222 267
126 263
137 235
163 80
150 97
145 192
199 269
222 267
126 263
137 235
163 80
150 97
145 192
199 269
222 267
126 263
137 235
163 80
150 97
146 192
199 270
222 267
126 263
137 235
164 81
151 97
147 192
199 270
222 267
126 263
137 235
164 81
151 97
148 192
199 270
222 267
126 263
137 235
165 81
152 97
149 192
199 270
222 267
126 263
137 235
165 81
152 97
149 193
199 270
222 267
126 263
137 235
165 81
152 98
149 193
199 270
222 267
126 263
137 235
166 81
153 98
149 193
199 270
222 267
126 263
137 235
166 81
153 98
149 193
199 270
222 267
126 263
137 235
166 81
153 98
149 193
199 270
222 267
126 263
137 235
167 81
153 98
149 193
199 270
222 267
126 263
137 235
167 82
154 98
149 193
199 270
222 267
126 263
137 235
167 82
154 98
149 193
199 270
222 267
126 263
138 235
167 82
154 98
150 193
199 270
222 267
126 263
138 235
168 81
154 98
150 193
199 270
222 267
126 263
138 235
168 81
155 98
150 193
199 270
222 268
126 263
138 235
169 81
155 98
150 193
199 270
222 268
126 263
138 235
169 82
155 98
151 194
199 270
222 268
126 263
138 235
169 82
156 98
151 194
199 270
222 268
126 263
138 235
170 82
156 98
152 195
199 270
222 268
126 263
138 235
170 82
156 98
152 195
199 270
222 268
126 263
137 235
170 82
156 98
153 195
199 270
222 268
126 263
137 235
170 82
157 99
152 195
199 270
222 268
127 263
138 235
171 82
157 99
152 196
199 270
222 268
127 263
138 235
171 83
158 99
152 195
199 270
222 268
127 263
138 235
172 83
158 99
152 195
199 270
222 268
127 263
138 235
172 83
158 99
153 195
199 270
222 268
127 263
138 235
173 83
159 99
153 196
199 270
222 268
127 263
138 235
173 83
159 99
153 196
199 270
222 268
127 263
138 235
173 83
159 99
153 196
199 270
222 268
127 263
138 235
174 83
160 99
153 195
199 270
222 268
127 263
138 235
174 83
160 99
153 196
199 270
222 268
127 263
138 235
175 83
160 99
153 195
199 270
222 268
127 263
138 235
175 83
161 99
154 195
199 270
222 268
127 263
138 235
176 83
161 99
154 195
199 270
222 268
127 263
138 235
176 83
162 99
154 195
199 270
222 268
127 263
138 235
177 83
163 99
154 195
199 270
222 268
127 262
138 235
177 83
163 99
154 195
199 270
222 268
127 262
138 235
177 83
163 99
154 195
199 270
222 268
127 262
138 234
178 83
163 99
154 195
199 270
222 268
127 263
138 235
178 83
164 99
154 195
199 270
222 268
127 263
138 234
179 83
165 99
154 195
199 270
222 268
127 263
138 234
179 83
165 99
154 195
199 270
222 268
127 262
138 234
180 83
165 99
155 195
199 270
222 268
127 262
138 234
180 83
166 99
155 195
199 270
222 268
127 262
138 234
181 83
166 99
155 195
199 270
222 268
127 262
138 234
181 83
167 99
155 196
199 270
222 268
127 262
138 234
182 83
167 99
155 195
199 270
222 268
127 262
138 234
182 84
167 99
155 195
199 270
222 268
128 262
138 234
183 84
168 99
156 196
199 270
222 268
128 262
138 234
183 84
169 99
156 195
199 270
222 268
128 262
139 233
184 84
169 99
156 196
199 270
222 268
128 261
139 234
184 84
169 99
156 196
199 270
222 268
128 261
139 234
185 84
170 99
156 196
199 271
222 268
128 261
139 234
185 84
170 99
156 196
199 271
222 268
128 261
139 233
185 84
170 99
156 196
199 271
222 268
128 261
139 233
186 84
171 99
157 196
199 271
222 268
128 261
139 233
187 84
171 99
157 196
199 271
222 268
128 260
139 233
187 84
172 99
157 196
199 271
222 268
128 260
139 233
188 85
172 99
157 196
199 271
222 269
128 260
139 233
189 84
173 99
158 196
199 271
222 269
128 260
140 233
189 84
174 99
158 197
199 271
222 269
128 260
140 233
190 84
174 99
158 197
199 271
222 269
128 260
140 232
190 85
175 99
158 196
199 271
222 269
128 259
139 232
191 85
176 99
158 196
199 271
222 268
129 259
140 232
192 85
176 99
158 196
199 271
222 268
129 259
140 232
193 85
177 99
159 196
199 271
222 269
129 259
140 232
193 85
178 99
159 196
199 271
222 269
129 258
140 231
194 85
178 99
159 196
199 271
222 269
129 258
140 231
195 84
179 99
160 196
199 271
222 269
129 258
140 231
195 85
180 98
160 196
199 271
222 268
129 257
140 230
196 84
180 98
160 197
199 271
222 269
129 257
140 230
197 84
181 98
160 197
198 271
222 269
129 256
140 230
198 84
182 98
160 197
198 271
222 269
129 256
140 230
199 85
182 98
160 197
198 271
222 268
129 256
141 229
199 84
183 98
161 197
198 271
222 269
129 256
141 229
201 84
184 97
161 196
198 271
222 269
129 255
141 228
201 84
185 97
161 196
198 271
222 269
129 255
141 228
202 84
186 97
162 195
198 271
222 268
129 254
141 228
203 84
187 97
162 196
198 271
222 268
129 254
141 227
204 84
187 97
162 195
198 270
222 268
129 253
141 227
205 84
188 97
163 195
198 270
222 268
129 253
141 227
207 84
189 96
163 195
198 271
222 268
129 252
142 226
207 83
190 96
164 195
198 271
222 268
129 252
142 226
209 83
191 96
164 195
198 271
222 268
129 252
142 226
210 83
192 96
164 195
198 270
222 268
130 251
142 225
211 83
193 96
165 195
198 270
222 268
129 250
143 225
212 83
195 96
165 195
198 270
222 268
130 250
143 224
213 83
196 96
165 194
198 270
222 268
130 249
143 223
215 83
197 95
166 194
198 270
222 268
130 249
143 223
216 82
198 95
166 194
197 270
222 268
130 248
144 222
218 82
199 95
167 194
197 270
222 268
130 247
144 222
219 82
201 94
167 193
197 270
222 268
131 247
144 221
220 82
202 94
168 193
197 270
222 268
131 246
144 221
222 82
203 94
168 193
197 270
222 268
131 245
145 220
223 81
204 93
169 193
197 270
222 268
132 244
145 219
225 81
206 93
170 192
197 270
222 268
132 244
146 219
226 81
207 93
170 192
197 270
222 268
132 242
146 218
227 81
208 92
171 191
197 270
222 268
132 242
147 217
229 81
210 92
172 191
197 270
222 268
133 241
147 217
231 81
211 92
172 190
197 270
222 268
133 240
148 216
233 80
213 91
173 190
197 270
222 268
134 239
148 215
234 80
214 91
174 190
197 270
222 268
134 238
149 215
236 80
216 91
174 190
197 270
222 268
135 237
149 214
237 80
217 91
176 189
197 269
222 268
135 236
150 213
239 80
219 90
176 189
197 269
222 268
136 235
150 212
241 79
220 90
177 188
197 269
222 268
136 235
151 212
243 80
222 90
178 187
197 269
222 268
137 234
152 211
