142 74
120 95
150 188
199 269
222 267
127 263
136 234
142 73
120 94
150 187
198 269
222 267
126 262
135 234
142 74
120 95
150 187
199 269
222 267
127 262
136 234
143 74
121 94
150 187
199 269
222 267
127 262
136 234
143 74
122 94
150 187
199 269
222 267
127 262
136 233
143 74
122 93
150 187
199 269
222 267
127 263
136 233
144 74
122 93
151 187
199 269
222 267
127 263
136 234
145 74
123 93
151 187
199 269
222 267
127 263
136 233
145 74
123 93
151 187
199 269
222 267
127 263
136 234
145 74
124 93
151 187
199 269
222 267
127 263
136 234
145 74
124 93
151 187
199 269
222 267
127 263
136 234
145 73
124 93
151 188
199 269
222 267
127 263
136 234
145 73
125 93
151 187
199 269
222 267
127 263
136 234
145 74
125 93
151 187
199 269
222 267
127 263
136 234
146 74
125 93
152 187
199 269
222 267
126 263
136 234
145 74
125 93
152 187
199 269
222 267
126 263
136 234
146 74
126 93
152 187
199 269
222 267
126 263
136 234
146 74
126 93
152 187
199 269
222 267
127 263
136 234
146 74
126 93
152 187
199 270
222 267
127 263
136 234
146 74
126 93
152 187
199 270
222 267
127 263
136 234
146 74
127 93
152 188
199 270
222 267
127 263
136 234
147 74
127 93
152 188
199 270
222 267
126 263
136 234
147 75
128 93
153 188
199 270
222 267
126 263
136 234
147 75
128 93
153 188
199 270
222 267
126 263
136 234
147 75
128 93
153 188
199 270
222 267
126 263
136 234
147 75
128 94
153 188
199 269
222 267
126 263
136 234
147 75
129 93
153 188
199 269
222 267
126 263
136 234
147 75
129 93
153 188
199 269
222 267
126 263
136 234
147 75
129 94
153 188
199 269
222 267
126 263
136 234
147 76
129 94
153 187
199 269
222 267
126 263
136 234
147 76
129 94
153 187
199 269
222 267
126 263
136 234
147 76
129 94
153 188
199 269
222 267
126 263
136 234
147 76
129 95
154 187
199 270
222 267
126 263
136 234
147 76
130 95
154 187
199 270
222 267
126 263
136 234
148 76
130 94
154 187
199 270
222 267
126 263
136 234
148 76
131 94
154 187
199 270
222 267
126 263
136 235
148 76
131 94
154 188
199 270
222 267
126 263
136 235
148 76
131 94
154 188
199 270
222 267
126 263
136 235
148 77
131 94
154 188
199 270
222 267
126 263
136 235
148 77
132 94
154 188
199 270
222 267
126 263
136 235
148 77
132 94
154 188
199 270
222 267
126 263
137 235
149 77
133 94
154 187
199 270
222 267
126 263
137 235
149 77
133 94
155 187
199 270
222 267
126 263
137 235
149 76
133 95
155 187
199 270
222 267
126 263
137 235
149 76
134 94
155 187
199 270
222 267
126 263
137 235
149 77
134 95
155 187
199 270
222 267
126 263
137 235
150 77
135 95
155 187
199 270
222 267
126 263
137 235
149 77
135 95
156 187
199 270
222 267
126 263
137 235
150 77
135 95
156 187
199 270
222 267
126 263
137 235
150 77
136 95
156 187
199 269
222 267
126 263
136 235
150 77
136 95
156 187
199 269
222 267
126 263
136 235
151 77
137 95
156 188
199 269
222 267
127 263
137 235
151 77
137 95
156 188
199 269
222 267
126 263
137 235
151 77
137 95
156 188
199 269
222 267
126 263
137 235
151 77
138 95
156 187
199 269
222 267
126 263
137 235
151 78
138 95
156 187
199 269
222 267
126 263
137 235
152 78
138 95
157 187
199 269
222 267
126 263
137 235
152 78
139 95
157 187
199 269
222 267
126 263
137 235
153 78
139 95
157 187
199 269
222 267
126 263
137 235
153 78
139 95
157 187
199 269
222 267
126 263
137 235
153 78
140 96
157 188
199 269
222 267
126 263
137 235
153 78
140 96
158 188
199 269
222 267
126 263
137 235
153 78
140 95
158 188
199 269
222 267
126 263
137 235
153 78
140 96
158 188
199 269
222 267
126 263
137 235
154 78
141 95
158 188
199 269
222 267
126 263
137 235
155 78
141 96
158 188
199 269
222 267
126 263
137 235
155 79
142 96
158 189
199 269
222 267
126 263
137 234
155 79
142 96
158 188
199 269
222 267
126 263
137 235
155 79
142 96
158 188
199 269
222 267
126 263
137 235
156 79
143 96
159 189
199 269
222 267
126 263
137 235
156 79
143 96
159 188
199 269
222 267
126 263
137 235
157 79
143 96
159 188
199 269
222 267
126 263
137 235
157 79
143 96
159 188
199 269
222 267
126 263
137 235
157 79
144 96
159 188
199 269
222 267
126 263
137 234
157 79
144 96
160 188
199 269
222 267
126 263
137 234
158 79
145 96
160 188
199 269
222 267
126 263
137 235
158 79
145 96
160 188
199 269
222 267
126 263
137 235
158 79
145 96
160 189
199 269
222 267
126 263
137 235
159 79
146 96
160 189
199 269
222 267
126 263
137 235
159 79
146 96
160 189
199 269
222 267
126 263
137 235
159 79
146 96
160 189
199 269
222 267
126 263
137 235
160 80
147 96
160 189
199 269
222 267
126 263
137 235
160 80
147 96
161 189
199 269
222 267
126 263
137 235
160 79
147 97
161 189
199 269
222 267
126 263
137 235
161 80
148 97
161 189
199 269
222 267
126 263
137 235
161 80
148 97
161 189
199 269
222 267
126 263
137 235
161 80
148 97
161 189
199 269
222 267
126 263
137 235
161 80
148 97
161 189
199 269
222 267
126 263
137 235
162 80
149 97
161 189
199 269
222 267
126 263
137 235
162 80
149 97
161 189
199 269
222 267
126 263
137 235
162 80
149 97
162 189
199 269
222 267
126 263
137 235
162 80
150 97
162 189
199 269
222 267
126 263
137 235
163 80
150 97
162 189
199 269
222 267
126 263
137 235
163 80
150 97
162 189
199 269
222 267
126 263
137 235
163 80
150 97
162 190
199 270
222 267
126 263
137 235
164 81
151 97
163 215
199 270
222 267
126 263
137 235
164 81
151 97
163 220
199 270
222 267
126 263
137 235
165 81
152 97
163 221
199 270
222 267
126 263
137 235
165 81
152 97
163 222
199 270
222 267
126 263
137 235
165 81
152 98
163 220
199 270
222 267
126 263
137 235
166 81
153 98
163 218
199 270
222 267
126 263
137 235
166 81
153 98
163 216
199 270
222 267
126 263
137 235
166 81
153 98
163 214
199 270
222 267
126 263
137 235
167 81
153 98
163 213
199 270
222 267
126 263
137 235
167 82
154 98
163 212
199 270
222 267
126 263
137 235
167 82
154 98
163 211
199 270
222 267
126 263
138 235
167 82
154 98
163 211
199 270
222 267
126 263
138 235
168 81
154 98
163 212
199 270
222 267
126 263
138 235
168 81
155 98
163 212
199 270
222 268
126 263
138 235
169 81
155 98
164 212
199 270
222 268
126 263
138 235
169 82
155 98
163 212
199 270
222 268
126 263
138 235
169 82
156 98
163 212
199 270
222 268
126 263
138 235
170 82
156 98
163 212
199 270
222 268
126 263
138 235
170 82
156 98
164 212
199 270
222 268
126 263
137 235
170 82
156 98
166 210
199 270
222 268
126 263
137 235
170 82
157 99
170 193
199 270
222 268
127 263
138 235
171 82
157 99
171 192
199 270
222 268
127 263
138 235
171 83
158 99
171 192
199 270
222 268
127 263
138 235
172 83
158 99
171 192
199 270
222 268
127 263
138 235
172 83
158 99
171 192
199 270
222 268
127 263
138 235
173 83
159 99
171 193
199 270
222 268
127 263
138 235
173 83
159 99
171 193
199 270
222 268
127 263
138 235
173 83
159 99
171 192
199 270
222 268
127 263
138 235
174 83
160 99
172 192
199 270
222 268
127 263
138 235
174 83
160 99
172 192
199 270
222 268
127 263
138 235
175 83
160 99
172 192
199 270
222 268
127 263
138 235
175 83
161 99
172 192
199 270
222 268
127 263
138 235
176 83
161 99
172 192
199 270
222 268
127 263
138 235
176 83
162 99
172 192
199 270
222 268
127 263
138 235
177 83
163 99
172 192
199 270
222 268
127 262
138 235
177 83
163 99
172 192
199 270
222 268
127 262
138 235
177 83
163 99
172 193
199 270
222 268
127 262
138 234
178 83
163 99
172 193
199 270
222 268
127 263
138 235
178 83
164 99
172 193
199 270
222 268
127 263
138 234
179 83
165 99
172 193
199 270
222 268
127 263
138 234
179 83
165 99
173 193
199 270
222 268
127 262
138 234
180 83
165 99
173 193
199 270
222 268
127 262
138 234
180 83
166 99
173 192
199 270
222 268
127 262
138 234
181 83
166 99
173 193
199 270
222 268
127 262
138 234
181 83
167 99
174 193
199 270
222 268
127 262
138 234
182 83
167 99
174 193
199 270
222 268
127 262
138 234
182 84
167 99
174 193
199 270
222 268
128 262
138 234
183 84
168 99
174 193
199 270
222 268
128 262
138 234
183 84
169 99
174 193
199 270
222 268
128 262
139 233
184 84
169 99
175 193
199 270
222 268
128 261
139 234
184 84
169 99
174 193
199 270
222 268
128 261
139 234
185 84
170 99
175 193
199 271
222 268
128 261
139 234
185 84
170 99
175 193
199 271
222 268
128 261
139 233
185 84
170 99
175 193
199 271
222 268
128 261
139 233
186 84
171 99
175 193
199 271
222 268
128 261
139 233
187 84
171 99
176 193
199 271
222 268
128 260
139 233
187 84
172 99
176 193
199 271
222 268
128 260
139 233
188 85
172 99
176 193
199 271
222 269
128 260
139 233
189 84
173 99
176 193
199 271
222 269
128 260
140 233
189 84
174 99
176 193
199 271
222 269
128 260
140 233
190 84
174 99
177 193
199 271
222 269
128 260
140 232
190 85
175 99
177 193
199 271
222 269
128 259
139 232
191 85
176 99
177 193
199 271
222 268
129 259
140 232
192 85
176 99
178 193
199 271
222 268
129 259
140 232
193 85
177 99
178 193
199 271
222 269
129 259
140 232
193 85
178 99
178 193
199 271
222 269
129 258
140 231
194 85
178 99
178 193
199 271
222 269
129 258
140 231
195 84
179 99
178 193
199 271
222 269
129 258
140 231
195 85
180 98
179 193
199 271
222 268
129 257
140 230
196 84
180 98
179 193
199 271
222 269
129 257
140 230
197 84
181 98
179 193
198 271
222 269
129 256
140 230
198 84
182 98
179 193
198 271
222 269
129 256
140 230
199 85
182 98
180 193
198 271
222 268
129 256
141 229
199 84
183 98
180 192
198 271
222 269
129 256
141 229
201 84
184 97
180 192
198 271
222 269
129 255
141 228
201 84
185 97
181 192
198 271
222 269
129 255
141 228
202 84
186 97
181 192
198 271
222 268
129 254
141 228
203 84
187 97
181 192
198 271
222 268
129 254
141 227
204 84
187 97
181 192
198 270
222 268
129 253
141 227
205 84
188 97
182 192
198 270
222 268
129 253
141 227
207 84
189 96
182 192
198 271
222 268
129 252
142 226
207 83
190 96
183 191
198 271
222 268
129 252
142 226
209 83
191 96
183 192
198 271
222 268
129 252
142 226
210 83
192 96
183 192
198 270
222 268
130 251
142 225
211 83
193 96
184 192
198 270
222 268
129 250
143 225
212 83
195 96
184 192
198 270
222 268
130 250
143 224
213 83
196 96
185 192
198 270
222 268
130 249
143 223
215 83
197 95
185 192
198 270
222 268
130 249
143 223
216 82
198 95
185 192
197 270
222 268
130 248
144 222
218 82
199 95
186 191
197 270
222 268
130 247
144 222
219 82
201 94
186 192
197 270
222 268
131 247
144 221
220 82
202 94
187 191
197 270
222 268
131 246
144 221
222 82
203 94
187 191
197 270
222 268
131 245
145 220
223 81
204 93
188 191
197 270
222 268
132 244
145 219
225 81
206 93
189 191
197 270
222 268
132 244
146 219
226 81
207 93
189 191
197 270
222 268
132 242
146 218
227 81
208 92
190 190
197 270
222 268
132 242
147 217
229 81
210 92
190 190
197 270
222 268
133 241
147 217
231 81
211 92
191 190
197 270
222 268
133 240
148 216
233 80
213 91
191 191
197 270
222 268
134 239
148 215
234 80
214 91
192 190
197 270
222 268
134 238
149 215
236 80
216 91
193 191
197 270
222 268
135 237
149 214
237 80
217 91
193 191
197 269
222 268
135 236
150 213
239 80
219 90
193 190
197 269
222 268
136 235
150 212
241 79
220 90
194 191
197 269
222 268
136 235
151 212
243 80
222 90
195 191
197 269
222 268
137 234
152 211
244 79
223 90
195 191
197 269
222 268
137 233
152 210
246 79
225 89
196 190
196 269
222 268
138 232
153 210
247 79
227 89
197 190
196 269
222 268
139 231
154 209
249 79
228 89
198 190
196 269
221 268
140 230
155 208
251 79
230 88
199 191
196 269
221 268
140 229
155 207
253 79
232 88
200 190
196 269
221 268
141 228
156 206
255 79
233 88
200 191
196 269
221 268
142 226
157 206
257 78
235 87
201 191
196 269
221 268
143 225
158 205
259 79
237 87
203 190
196 269
221 268
144 225
159 204
261 78
238 87
204 190
195 269
221 268
144 223
160 203
263 79
240 87
205 190
195 268
221 268
145 222
161 202
265 79
242 87
206 190
195 268
221 267
146 221
162 201
267 78
244 86
207 189
195 268
221 267
147 219
163 201
269 78
246 86
208 189
195 268
221 268
148 218
164 200
271 78
248 86
209 189
194 268
221 268
149 217
165 199
273 78
250 86
210 189
194 267
221 268
150 215
166 198
276 78
252 86
212 188
193 266
221 268
151 214
167 196
278 78
254 86
212 189
193 266
221 268
152 213
169 196
280 78
257 87
213 189
193 266
221 268
154 211
170 195
283 78
260 86
214 188
194 266
221 268
155 210
172 194
285 78
262 86
216 188
194 265
221 268
156 208
173 193
288 78
264 86
219 186
193 265
221 268
158 207
174 191
291 77
267 86
220 186
193 264
221 268
159 205
176 190
293 78
270 85
221 186
193 263
221 268
161 204
178 189
296 77
272 85
222 186
194 263
221 268
162 202
179 188
299 77
275 85
224 185
194 262
221 268
164 201
181 187
301 77
278 85
226 184
195 261
221 268
166 199
183 186
304 77
280 84
227 184
195 260
221 268
167 198
185 185
307 77
283 84
229 184
196 260
221 268
169 197
187 184
309 77
286 84
231 183
197 259
221 268
171 196
189 183
312 77
289 83
233 183
198 258
221 268
173 194
191 182
315 76
292 83
236 181
199 257
222 268
175 193
193 181
317 76
294 83
239 180
200 256
222 268
177 192
195 180
320 76
297 83
239 182
201 255
222 268
179 191
197 179
323 76
300 82
239 182
203 255
222 268
181 190
199 178
326 75
303 82
240 183
204 254
223 268
183 189
201 178
328 76
305 82
240 185
206 253
224 268
185 188
203 177
331 75
308 82
240 187
207 253
226 268
187 187
205 176
334 75
310 81
240 188
209 252
228 268
189 187
207 176
336 75
313 81
240 188
211 251
229 269
192 186
210 175
339 75
316 80
242 189
213 251
231 269
194 186
212 175
341 74
318 80
244 189
215 251
233 269
196 186
214 174
344 74
321 80
245 190
217 250
236 269
199 186
217 174
346 74
323 80
248 190
220 250
239 269
201 186
219 174
349 73
326 80
250 190
222 250
241 269
204 186
222 174
351 73
328 79
253 190
225 251
244 269
206 186
224 174
354 73
331 79
256 190
229 251
248 269
208 186
226 174
356 73
333 79
258 190
231 251
251 269
210 187
229 174
359 73
336 79
261 190
235 251
254 269
213 187
231 174
361 72
338 79
263 190
238 251
258 270
216 188
234 175
363 72
341 79
266 191
241 252
261 270
218 188
237 176
366 72
343 79
269 191
245 252
264 270
221 189
239 176
368 72
345 79
271 191
248 253
268 270
223 190
242 177
371 71
348 79
274 191
252 253
272 271
226 191
245 178
373 71
350 78
277 191
256 254
276 271
229 193
248 178
375 71
353 78
280 192
259 255
280 271
231 194
250 179
378 71
355 79
283 192
263 255
284 272
234 195
253 180
380 71
358 79
286 192
268 256
289 272
237 196
256 181
383 71
360 79
290 192
272 257
293 272
240 198
259 182
385 71
362 79
293 193
277 257
297 273
243 199
262 183
387 70
365 79
296 193
282 258
302 273
246 200
265 184
390 70
367 79
299 193
286 259
306 274
249 202
268 186
392 70
369 79
302 194
291 260
311 274
252 203
271 187
394 69
372 80
305 195
296 261
316 275
255 205
274 188
397 69
374 80
309 195
300 262
321 275
258 207
277 190
399 69
376 80
312 195
305 262
326 276
262 209
280 191
401 69
379 80
316 195
310 263
330 276
265 211
283 193
403 69
381 80
318 199
315 264
335 277
268 213
287 194
405 69
383 81
320 205
319 266
340 277
272 215
290 196
407 69
385 81
311 210
324 266
345 278
275 217
294 198
409 69
388 81
315 212
329 267
349 278
279 218
297 199
411 69
390 81
319 213
333 268
355 279
283 221
301 201
413 69
392 82
324 215
339 269
360 280
286 223
305 203
415 69
394 82
327 216
343 270
365 280
290 225
308 204
417 69
397 83
331 217
349 271
370 281
294 227
312 206
419 70
399 83
336 218
353 272
375 281
298 229
316 208
421 70
401 84
340 218
358 273
380 282
302 231
319 209
423 70
403 84
344 220
364 274
385 282
306 234
323 211
425 70
405 84
349 220
370 274
391 283
310 235
327 213
427 70
407 85
352 221
375 275
397 283
314 237
331 215
429 70
410 86
357 223
381 276
403 284
318 240
335 217
430 70
411 86
360 224
387 277
409 284
322 242
339 218
432 70
413 86
364 224
393 278
414 284
327 244
343 220
434 71
415 87
367 226
399 278
420 284
331 246
348 222
435 71
417 87
371 227
404 279
425 285
336 248
352 224
437 71
419 88
376 228
411 280
431 285
340 250
356 225
438 71
421 88
380 229
417 280
437 285
344 252
360 227
440 71
423 89
384 230
422 280
442 285
349 254
364 228
442 72
425 89
388 231
428 281
448 285
354 256
369 230
443 72
427 89
390 233
434 281
453 285
358 257
373 231
445 72
428 90
395 234
440 282
459 285
363 259
378 233
446 72
430 90
399 234
446 282
464 285
368 261
382 234
447 72
432 91
404 235
452 282
470 285
373 262
387 235
449 72
434 91
409 236
458 282
475 284
377 264
391 237
450 73
435 92
412 237
463 283
481 284
382 265
396 238
451 73
437 92
417 238
468 283
486 284
387 267
401 239
452 73
438 93
421 239
474 283
492 284
392 268
405 240
453 73
440 93
425 240
478 283
497 284
397 269
410 241
455 73
442 94
429 241
483 283
502 283
401 270
414 242
456 74
444 94
434 242
490 283
508 283
406 272
419 243
457 74
445 95
439 242
496 283
513 282
412 273
423 244
458 74
447 95
443 242
501 283
518 282
416 273
428 244
459 74
448 95
447 242
506 282
523 281
421 274
433 245
460 74
450 96
452 242
512 282
528 280
426 275
438 246
461 75
451 96
455 242
518 281
533 279
430 275
442 246
463 75
453 96
460 243
523 280
539 278
435 276
446 246
463 75
454 97
464 242
529 280
544 277
440 277
451 247
465 76
455 97
468 243
534 279
549 277
444 277
455 247
465 76
457 97
472 242
538 278
554 275
449 278
459 247
466 76
458 98
476 242
543 278
558 274
453 278
464 248
467 76
460 98
480 242
549 277
563 273
457 278
468 248
468 76
461 98
483 242
555 276
567 272
462 278
472 248
469 77
462 99
487 242
559 275
572 271
466 279
476 248
470 77
463 99
491 242
564 274
576 270
471 279
480 248
471 77
465 99
494 241
569 273
580 269
475 279
484 248
472 77
466 99
497 241
573 272
585 268
479 279
488 248
473 77
467 100
499 240
577 271
589 267
483 279
492 248
475 77
469 100
503 241
581 271
593 265
486 279
495 248
476 77
470 100
505 240
585 270
596 265
490 279
499 248
477 78
471 100
508 240
588 269
600 263
493 279
502 248
479 78
473 100
511 240
591 268
603 263
497 279
505 248
480 78
475 101
513 240
594 268
606 262
499 279
508 247
482 78
476 101
515 240
597 268
608 262
501 279
510 247
484 78
478 101
518 240
599 268
610 262
503 279
512 248
486 78
480 101
519 240
601 268
612 262
505 279
514 248
487 78
482 101
521 241
603 269
614 263
507 280
515 248
489 78
484 101
522 241
604 269
615 263
508 280
517 248
491 79
486 101
524 242
605 270
617 264
509 280
518 248
493 79
487 102
525 242
606 271
618 265
510 280
519 249
495 79
489 102
526 242
607 272
619 266
511 280
520 249
497 79
491 102
527 242
608 273
620 267
512 281
521 249
498 79
492 102
528 243
609 274
620 269
512 281
522 250
500 79
494 102
529 244
609 276
621 270
512 281
522 250
501 79
495 103
530 244
610 277
621 271
513 281
523 251
503 79
497 103
531 244
610 278
622 273
513 282
524 251
504 79
498 103
533 244
610 279
622 274
513 282
524 251
506 80
500 104
532 245
610 280
622 275
513 282
524 252
507 80
501 104
533 246
610 281
623 276
513 282
524 252
509 80
502 104
533 246
610 282
623 277
513 283
525 252
510 80
503 104
534 246
610 283
623 278
513 283
525 253
511 80
504 105
534 246
610 284
622 280
513 283
525 253
512 81
505 105
534 246
610 285
622 281
513 283
525 253
513 81
506 105
534 246
610 286
622 282
513 284
525 254
514 82
507 106
535 247
610 288
622 283
513 284
525 254
515 82
508 106
535 247
609 289
621 284
513 284
525 255
516 83
509 106
536 249
609 290
621 286
513 285
525 255
517 83
510 107
536 249
609 291
621 287
513 285
525 255
518 84
511 107
536 249
609 292
621 288
513 285
526 255
519 85
512 107
537 250
610 293
622 289
513 285
526 256
520 85
513 108
538 249
610 294
622 290
514 285
527 256
521 86
513 108
539 250
610 296
623 292
514 285
528 256
522 85
514 108
539 250
610 297
623 293
515 285
529 255
523 85
515 108
540 250
611 297
624 294
515 285
529 256
524 85
517 108
540 250
611 297
624 295
515 285
529 256
525 85
518 108
540 250
611 297
624 296
515 285
529 255
526 85
519 108
540 250
611 297
624 296
515 285
529 255
527 85
520 108
540 250
611 297
623 296
515 285
529 255
528 85
521 107
540 250
611 297
623 296
515 285
530 256
530 84
522 107
540 250
611 297
623 296
515 285
529 256
531 83
523 107
540 250
611 297
623 296
515 285
530 256
531 83
524 107
540 250
611 297
623 296
515 285
529 256
532 82
525 106
540 250
611 297
623 296
515 285
529 256
533 82
525 106
540 250
611 297
623 296
515 285
530 255
534 82
526 106
540 250
611 297
623 296
515 285
530 256
534 82
526 106
540 250
611 297
623 296
515 285
529 256
535 82
527 106
542 252
611 297
623 296
515 285
529 256
536 82
528 106
542 252
611 297
623 296
515 285
529 256
537 82
528 106
542 252
611 297
623 296
515 285
529 256
537 82
529 106
542 252
611 297
623 296
515 285
529 256
538 82
529 106
542 252
611 297
623 296
515 285
529 256
539 81
530 105
542 252
611 297
623 296
515 285
529 256
539 81
530 105
542 252
611 297
623 295
515 285
529 256
540 81
531 105
542 252
611 297
623 295
514 285
529 256
541 81
531 105
542 252
611 297
623 295
514 285
529 256
541 81
532 105
541 252
611 297
623 295
514 285
529 256
542 81
533 105
542 253
611 297
623 295
514 285
529 256
542 81
533 105
542 253
611 297
623 295
514 285
529 256
543 81
534 105
542 253
611 297
623 295
514 285
529 256
544 81
535 105
542 253
611 297
623 295
514 285
529 256
544 81
535 105
542 253
611 297
623 295
514 285
529 256
545 81
536 105
542 253
611 297
623 295
514 285
529 256
546 81
537 105
542 253
611 297
623 295
514 285
529 256
546 81
537 105
542 253
611 297
622 295
514 285
529 256
547 81
538 105
542 253
611 297
622 295
514 285
529 256
548 81
539 105
542 254
611 297
622 295
514 285
529 256
549 81
539 105
542 254
611 297
623 296
514 285
530 256
549 81
540 105
542 254
611 297
623 296
514 285
530 256
550 81
541 105
542 254
611 297
623 296
514 285
529 256
551 81
541 105
542 254
611 297
623 296
514 285
530 256
552 81
542 105
542 254
611 297
623 296
514 285
530 256
553 81
542 105
542 254
611 297
623 296
514 285
530 256
553 82
543 106
543 254
611 297
623 296
514 285
530 256
554 81
544 106
543 254
611 297
623 296
514 285
530 256
555 81
545 106
543 254
611 297
623 296
514 285
530 256
556 81
546 106
543 254
611 297
623 296
514 286
530 256
556 81
546 106
544 255
611 297
623 296
515 286
530 256
557 81
547 106
544 255
611 297
623 296
515 286
530 256
558 81
548 106
544 255
611 297
623 296
515 286
530 256
559 82
549 106
544 255
611 297
623 296
515 286
530 257
559 82
549 106
544 255
611 297
623 296
515 286
530 257
560 82
550 106
544 255
611 297
623 296
515 286
530 257
561 82
551 106
544 255
611 297
623 296
515 286
530 257
562 82
551 106
544 255
611 297
623 296
515 286
530 257
563 82
552 106
544 255
611 297
623 296
515 286
530 257
564 82
553 106
544 255
611 297
623 296
515 286
530 257
564 82
554 106
544 255
611 297
623 296
515 286
530 257
565 82
554 106
544 256
611 297
623 296
515 286
530 257
566 82
555 106
544 256
611 297
623 296
515 286
530 257
566 82
556 106
544 256
611 297
623 296
515 286
530 257
567 82
556 106
544 256
611 297
623 296
515 286
530 257
568 82
557 106
544 256
611 297
623 296
515 286
530 257
568 82
557 106
544 256
611 297
623 296
515 286
530 257
569 82
558 106
544 256
611 297
623 296
515 286
530 257
570 82
559 106
544 256
611 297
623 296
515 286
530 257
570 82
559 106
544 256
611 297
623 296
515 286
530 257
571 82
560 106
544 256
611 297
622 296
514 286
530 257
571 82
560 106
544 256
611 297
623 296
514 286
530 257
572 82
560 107
545 257
611 297
623 296
514 286
530 257
572 82
561 106
545 257
611 297
622 296
514 286
530 257
573 82
562 107
545 256
611 297
623 296
514 286
531 257
574 82
562 107
545 257
611 297
623 296
514 286
531 257
574 82
563 107
545 256
611 297
623 296
514 286
531 257
574 82
563 107
545 256
611 297
623 296
514 286
531 257
575 82
563 107
545 257
611 297
622 296
514 286
531 257
575 82
564 107
545 257
611 297
623 296
514 286
531 257
576 82
564 106
546 257
611 297
622 296
514 286
531 257
576 82
564 106
546 257
611 297
622 296
514 286
530 257
576 83
564 106
546 257
611 297
622 296
514 286
531 257
577 83
565 107
546 257
611 297
622 296
514 286
531 257
577 83
565 107
546 258
611 297
623 296
514 286
531 257
578 83
565 107
546 257
611 297
622 296
514 286
531 257
578 84
565 107
546 257
611 297
622 296
514 286
531 257
578 84
566 107
546 257
611 297
622 296
514 286
531 257
579 84
566 107
546 257
611 297
622 296
514 286
531 257
579 84
566 106
546 257
610 297
622 296
514 286
531 257
579 85
566 107
546 257
611 297
622 296
514 286
531 257
579 84
567 107
546 257
611 297
622 296
514 286
531 257
580 84
567 107
546 258
610 297
622 296
514 286
530 257
580 85
567 107
546 257
610 297
622 296
514 286
530 257
581 84
568 107
546 257
610 297
622 296
514 286
530 257
581 85
568 107
546 257
610 297
622 296
514 286
530 257
581 85
568 107
546 258
610 297
622 296
514 286
530 257
581 85
569 107
546 258
610 297
622 296
514 286
531 257
581 86
569 107
546 258
611 297
622 296
514 286
530 257
582 86
569 107
546 258
611 298
622 296
514 286
530 257
582 86
570 107
546 258
611 298
622 296
514 286
530 257
583 86
570 107
546 258
611 298
622 296
514 286
530 257
583 86
570 107
546 258
611 298
622 296
514 286
530 257
583 86
570 107
547 257
611 298
622 296
514 286
530 257
585 87
571 107
548 257
611 298
622 296
514 286
530 257
585 86
571 107
550 256
611 298
622 296
514 286
530 257
585 87
571 107
552 255
611 298
622 296
514 286
530 257
586 87
571 107
553 254
611 298
622 296
514 286
530 257
586 86
572 107
553 254
611 298
622 296
514 286
530 257
587 86
572 107
553 254
611 298
622 297
514 286
530 257
587 86
573 107
553 254
610 298
622 297
514 286
530 257
587 86
573 107
553 254
610 298
622 296
514 286
530 257
588 86
573 107
553 254
610 298
622 297
514 286
530 257
588 86
573 107
553 255
610 298
622 297
514 286
530 257
588 86
573 107
554 256
610 298
622 297
514 286
530 257
589 86
574 107
553 256
610 298
622 297
514 286
530 257
589 86
574 107
554 256
610 298
622 297
514 286
530 257
589 87
574 107
554 256
610 298
622 297
514 286
530 257
590 87
575 107
554 255
610 298
622 297
514 286
530 257
590 86
575 107
554 255
610 298
622 297
514 286
530 257
591 87
575 107
554 255
610 298
622 297
514 286
530 257
591 87
576 107
554 255
610 298
622 297
514 286
530 257
592 87
577 107
554 256
610 298
622 297
514 286
530 257
592 87
577 108
554 256
610 298
622 297
514 286
530 257
593 87
578 108
554 256
610 298
622 297
514 286
530 257
593 87
578 107
554 256
610 298
622 297
514 286
530 257
594 87
578 108
554 256
610 298
622 297
514 286
530 257
594 87
579 108
554 257
610 298
622 297
514 286
530 257
595 87
579 107
554 256
610 298
622 297
514 286
530 257
595 87
580 107
554 256
610 298
622 297
514 285
530 257
596 87
580 108
554 256
610 298
622 297
514 285
530 257
597 87
581 108
554 256
610 298
622 297
514 285
530 257
597 88
581 108
555 256
610 298
622 297
514 285
530 257
598 88
582 108
555 256
610 298
623 297
514 286
530 257